x<-1
y<-5
y=3

